camera_matrix:
- - 534.0708862263484
  - 0.0
  - 341.53407107253565
- - 0.0
  - 534.1191479816231
  - 232.94565221109772
- - 0.0
  - 0.0
  - 1.0
dist_coefficient:
- - -0.2929716213439848
  - 0.10770688662177534
  - 0.0013103848957804632
  - -3.110229774446826e-05
  - 0.043479914222931494
