camera_matrix:
- - 753.6653999277385
  - 0.0
  - 234.73666665774672
- - 0.0
  - 770.4060989880483
  - 102.10265598230573
- - 0.0
  - 0.0
  - 1.0
dist_coefficient:
- - 0.030827764337020478
  - 0.8525224676052454
  - -0.0565775602239213
  - -0.020622171565229858
  - -3.2246910362470955
