camera_matrix:
- - 504.1018772671398
  - 0.0
  - 313.0928084691982
- - 0.0
  - 503.47888150855147
  - 243.49793518485268
- - 0.0
  - 0.0
  - 1.0
dist_coefficient:
- - 0.21523588287645243
  - -0.49167016141860237
  - 0.0009599699172590149
  - -0.002511878037236217
  - 0.3004766601232317
